1.854811737400000129e+04
2.213114052299999821e+04
3.293404333800000313e+04
3.362558067699999810e+04
3.596910846100000344e+04
3.622047242600000027e+04
3.447819018399999914e+04
3.379150947699999961e+04
3.504726794299999892e+04
3.508958929299999727e+04
3.144908829600000172e+04
2.486350457900000038e+04
2.488594397899999967e+04
2.482588526300000012e+04
2.487401898200000142e+04
2.491904753999999957e+04
2.488557083300000158e+04
2.484531397799999831e+04
2.478598779899999863e+04
1.607732273600000008e+04
1.794301916799999890e+04
2.070072785600000134e+04
3.587902875399999903e+04
1.609948427199999969e+04
1.798285929400000168e+04
2.078853294299999834e+04
3.524606915399999707e+04
